100,100,25.423872,32.588448,25.332384,33.823746,35.155487
100,200,38.352448,36.274849,38.950912,37.403648,39.374336
100,300,39.535103,31.495935,41.826305,39.584385,39.250912
100,400,35.331009,36.545822,38.728577,38.233250,28.157951
100,500,40.373249,41.147999,38.344353,38.427681,38.643711
100,600,35.198624,36.975552,37.819263,35.042465,36.111008
100,700,29.695776,30.834656,32.700928,31.188320,32.656895
100,800,32.688480,33.502785,31.282751,29.619743,30.918304
100,900,32.772610,33.444767,33.050591,33.942913,38.299839
100,1000,37.527775,37.346016,28.812000,34.871040,37.665600
200,100,37.786816,38.595840,39.097473,36.790112,28.962721
200,200,29.457409,36.427967,36.829185,29.026016,38.301502
200,300,35.412830,36.815582,36.079967,36.071423,36.292896
200,400,22.856577,33.134590,23.983007,30.411968,30.871168
200,500,37.312256,36.017281,35.296928,37.663967,26.960896
200,600,22.857664,33.713856,32.269890,24.039392,34.236862
200,700,29.835264,29.886112,26.434879,28.954912,27.152544
200,800,27.195200,27.552769,27.347616,28.425024,19.700735
200,900,28.331585,32.328705,31.625759,28.344513,29.890720
200,1000,29.642336,31.029247,28.765633,29.766657,30.097696
300,100,39.302113,37.457985,37.476353,27.861631,37.485409
300,200,28.216320,37.789726,39.991135,34.944096,37.406719
300,300,35.916702,33.154270,25.749216,36.787201,27.299841
300,400,32.318401,29.806593,32.661407,29.677952,28.977119
300,500,23.605087,33.880798,34.934208,34.655903,34.749023
300,600,29.749439,28.261375,27.847296,27.575745,31.177729
300,700,27.319103,27.326496,27.301023,27.309696,27.259552
300,800,25.292864,24.481377,17.619968,25.063423,25.047169
300,900,25.811968,25.604256,26.112225,26.831873,27.312000
300,1000,26.028992,26.757120,26.283808,27.033600,26.298977
400,100,34.770046,36.686176,40.034145,37.311680,37.864769
400,200,34.067455,33.965824,34.121120,34.565952,34.029408
400,300,31.168512,31.362207,31.286913,32.438911,32.037857
400,400,26.102049,27.649183,26.507263,18.964449,27.728928
400,500,28.785728,30.136415,31.284224,32.619518,29.051968
400,600,27.046753,28.674433,19.772032,25.837185,18.733791
400,700,23.894913,23.946527,24.046656,24.059168,23.808544
400,800,23.974527,25.536097,24.487232,16.743040,24.452097
400,900,16.295872,16.356352,23.676960,23.978497,24.565760
400,1000,18.769600,23.867712,24.056929,23.857599,23.855968
500,100,35.625633,34.501598,34.183361,36.158463,33.649952
500,200,28.824703,31.677088,29.586720,21.703680,34.847073
500,300,30.672768,21.686209,29.962784,23.078880,29.572096
500,400,27.955200,26.810656,28.050783,28.545055,26.428385
500,500,26.067295,26.522623,25.618719,26.527649,27.092863
500,600,27.444000,26.085377,26.674591,28.175743,17.975296
500,700,23.488352,25.112896,16.760832,23.963200,23.267839
500,800,23.851521,23.188480,22.469631,24.657951,25.293953
500,900,25.608192,23.584352,22.688959,23.834784,25.607807
500,1000,24.683552,15.245312,24.842497,22.998720,24.860289
600,100,35.231777,26.116096,35.475712,34.108418,33.238400
600,200,29.132608,30.581345,30.090431,29.700447,29.320000
600,300,26.503712,25.808895,27.514496,17.986561,26.671072
600,400,25.767839,25.087999,17.816544,17.746944,26.104769
600,500,28.669952,28.577791,28.003231,27.949375,27.736223
600,600,23.432192,15.609856,16.278303,27.845633,24.200447
600,700,24.848127,24.120319,24.881632,24.252417,24.260960
600,800,25.432320,15.489024,24.150560,22.042784,21.994720
600,900,15.470592,24.877151,24.860960,21.892864,22.711456
600,1000,21.648512,21.863487,21.883904,21.316383,21.653376
700,100,31.723520,34.214207,32.665825,24.220673,34.555454
700,200,29.144064,29.556448,20.385729,29.096577,19.792896
700,300,25.595488,25.550976,25.765856,27.972609,25.085665
700,400,26.156609,25.702976,27.908096,27.905825,24.846336
700,500,25.159679,25.543200,28.113792,26.365152,27.139168
700,600,23.804928,14.235648,22.031488,22.690271,24.448832
700,700,24.835072,25.874496,25.462433,25.370752,23.743456
700,800,23.851007,21.949087,21.804031,22.187008,24.612192
700,900,23.486944,20.497408,20.649088,20.730495,20.952320
700,1000,21.816320,23.681025,21.542849,21.271551,21.298208
800,100,22.641665,31.924416,33.222561,33.317696,30.821953
800,200,28.563456,30.659168,22.047745,29.956097,27.562624
800,300,25.272160,25.448223,25.294081,26.038336,26.142784
800,400,27.759264,24.359232,17.461151,24.359585,24.290688
800,500,22.686016,22.897793,23.444384,22.926945,23.086241
800,600,21.819391,22.469631,21.710848,21.332832,21.952513
800,700,21.729280,21.656576,14.237248,24.140800,24.121408
800,800,13.468256,22.030144,22.297632,23.029057,23.394304
800,900,20.572449,20.952160,20.776863,20.723871,21.006784
800,1000,23.834623,13.772800,14.290944,26.166080,24.098911
900,100,32.156193,29.292448,29.796576,29.486143,29.716097
900,200,17.957409,25.747360,29.269760,26.859392,25.425920
900,300,25.673056,26.818560,25.094849,25.069696,28.293152
900,400,26.105345,25.636000,25.973120,23.823521,15.435776
900,500,15.206208,23.137280,24.809471,25.453535,16.343040
900,600,15.226880,23.791967,22.582945,22.148993,21.747648
900,700,22.551552,23.093857,23.537825,23.497919,14.167776
900,800,21.457344,22.976095,23.385311,21.399073,21.298817
900,900,20.726751,22.409920,20.952415,21.061632,20.675585
900,1000,20.321280,13.405824,20.882433,20.979233,20.980225
1000,100,31.849472,29.703297,29.629761,23.215103,23.651327
1000,200,29.785728,26.004831,27.588703,29.001984,26.716160
1000,300,25.316769,26.455969,27.128416,27.600864,18.286337
1000,400,25.643488,25.706495,25.272320,22.563423,22.477505
1000,500,22.627008,26.014496,24.493919,23.993631,14.577664
1000,600,21.498753,21.736448,23.881632,23.989857,24.065023
1000,700,26.607937,21.664768,21.918304,22.242432,21.050049
1000,800,21.169151,22.512545,21.330849,23.783585,22.343424
1000,900,21.386240,14.385056,14.464000,23.777664,23.988447
1000,1000,23.287807,23.291967,20.709375,20.329697,19.775648
